8 2

7 4
10 12
8 3
1 5
9 9
6 4
11 10
5 7

7 3

11 47 23
15 11 9
23 14 20
44 45 46
47 10 22
75 74 73
2 5 4

4 4

6 2 3 5
9 8 4 1
2 10 9 4
5 1 7 8

11 5

2 6 4 12 3
20 21 24 25 22
7 7 7 7 7
3 1 2 0 4
14 25 77 35 20
11 14 99 5 9
5 11 9 12 10
5 4 4 4 4
10 12 7 3 4
8 4 10 22 44
64 32 16 8 4

12 9

2 4 7 12 45 10 11 6 7
25 96 4 20 55 8 10 2 24
2 4 8 16 32 64 32 16 8
9 8 7 6 5 4 3 2 1
10 11 12 13 14 15 16 17 18
5 10 15 20 25 30 35 40 45
4 9 8 12 11 15 25 20 5
27 3 9 36 4 9 45 5 9
78 2 39 44 52 7 8 9 32
25 24 23 22 21 20 19 18 17
10 30 20 40 50 70 60 80 90
25 5 5 25 20 20 15 30 10
